N= 5000000, P = 8, C= 1, S= 2499836.407034
Time= 0.012908
