N= 5000000, P = 8, C= 1, S= 2499836.407034
Time= 0.012908
N= 5000000, P = 8, C= 1, S= 2499836.407034
Time= 0.012062
N= 5000000, P = 16, C= 1, S= 2500116.747267
Time= 0.015042
N= 5000000, P = 8, C= 1, S= 2499836.407034
Time= 0.012641
